1396 698
8.534400 25.908000
22.860000 25.908000
22.860000 25.908000
30.480000 25.908000
30.480000 25.908000
38.100000 25.908000
38.100000 25.908000
52.425600 25.908000
8.534400 0.000000
22.860000 0.000000
22.860000 0.000000
30.480000 0.000000
30.480000 0.000000
38.100000 0.000000
38.100000 0.000000
52.425600 0.000000
30.327600 0.000000
30.327600 25.908000
22.860000 0.000000
22.860000 25.908000
38.100000 0.000000
38.100000 25.908000
30.632400 0.000000
30.632400 25.908000
22.555200 0.000000
22.555200 25.908000
38.404800 0.000000
38.404800 25.908000
3.352800 1.752600
3.352800 24.155400
57.607200 1.752600
57.607200 24.155400
0.000000 8.534400
0.000000 17.373600
60.960000 8.534400
60.960000 17.373600
35.052000 12.954000
35.029985 13.402134
35.029985 13.402134
34.964150 13.845953
34.964150 13.845953
34.855131 14.281182
34.855131 14.281182
34.703977 14.703629
34.703977 14.703629
34.512144 15.109226
34.512144 15.109226
34.281479 15.494067
34.281479 15.494067
34.014204 15.854446
34.014204 15.854446
33.712892 16.186892
33.712892 16.186892
33.380446 16.488204
33.380446 16.488204
33.020067 16.755479
33.020067 16.755479
32.635226 16.986144
32.635226 16.986144
32.229629 17.177977
32.229629 17.177977
31.807182 17.329131
31.807182 17.329131
31.371953 17.438150
31.371953 17.438150
30.928134 17.503985
30.928134 17.503985
30.480000 17.526000
30.480000 17.526000
30.031866 17.503985
30.031866 17.503985
29.588047 17.438150
29.588047 17.438150
29.152818 17.329131
29.152818 17.329131
28.730371 17.177977
28.730371 17.177977
28.324774 16.986144
28.324774 16.986144
27.939933 16.755479
27.939933 16.755479
27.579554 16.488204
27.579554 16.488204
27.247108 16.186892
27.247108 16.186892
26.945796 15.854446
26.945796 15.854446
26.678521 15.494067
26.678521 15.494067
26.447856 15.109226
26.447856 15.109226
26.256023 14.703629
26.256023 14.703629
26.104869 14.281182
26.104869 14.281182
25.995850 13.845953
25.995850 13.845953
25.930015 13.402134
25.930015 13.402134
25.908000 12.954000
25.908000 12.954000
25.930015 12.505866
25.930015 12.505866
25.995850 12.062047
25.995850 12.062047
26.104869 11.626818
26.104869 11.626818
26.256023 11.204371
26.256023 11.204371
26.447856 10.798774
26.447856 10.798774
26.678521 10.413933
26.678521 10.413933
26.945796 10.053554
26.945796 10.053554
27.247108 9.721108
27.247108 9.721108
27.579554 9.419796
27.579554 9.419796
27.939933 9.152521
27.939933 9.152521
28.324774 8.921856
28.324774 8.921856
28.730371 8.730023
28.730371 8.730023
29.152818 8.578869
29.152818 8.578869
29.588047 8.469850
29.588047 8.469850
30.031866 8.404015
30.031866 8.404015
30.480000 8.382000
30.480000 8.382000
30.928134 8.404015
30.928134 8.404015
31.371953 8.469850
31.371953 8.469850
31.807182 8.578869
31.807182 8.578869
32.229629 8.730023
32.229629 8.730023
32.635226 8.921856
32.635226 8.921856
33.020067 9.152521
33.020067 9.152521
33.380446 9.419796
33.380446 9.419796
33.712892 9.721108
33.712892 9.721108
34.014204 10.053554
34.014204 10.053554
34.281479 10.413933
34.281479 10.413933
34.512144 10.798774
34.512144 10.798774
34.703977 11.204371
34.703977 11.204371
34.855131 11.626818
34.855131 11.626818
34.964150 12.062047
34.964150 12.062047
35.029985 12.505866
35.029985 12.505866
35.052000 12.954000
14.020800 19.659600
13.998785 20.107734
13.998785 20.107734
13.932950 20.551553
13.932950 20.551553
13.823931 20.986782
13.823931 20.986782
13.672777 21.409229
13.672777 21.409229
13.480944 21.814826
13.480944 21.814826
13.250279 22.199667
13.250279 22.199667
12.983004 22.560046
12.983004 22.560046
12.681692 22.892492
12.681692 22.892492
12.349246 23.193804
12.349246 23.193804
11.988867 23.461079
11.988867 23.461079
11.604026 23.691744
11.604026 23.691744
11.198429 23.883577
11.198429 23.883577
10.775982 24.034731
10.775982 24.034731
10.340753 24.143750
10.340753 24.143750
9.896934 24.209585
9.896934 24.209585
9.448800 24.231600
9.448800 24.231600
9.000666 24.209585
9.000666 24.209585
8.556847 24.143750
8.556847 24.143750
8.121618 24.034731
8.121618 24.034731
7.699171 23.883577
7.699171 23.883577
7.293574 23.691744
7.293574 23.691744
6.908733 23.461079
6.908733 23.461079
6.548354 23.193804
6.548354 23.193804
6.215908 22.892492
6.215908 22.892492
5.914596 22.560046
5.914596 22.560046
5.647321 22.199667
5.647321 22.199667
5.416656 21.814826
5.416656 21.814826
5.224823 21.409229
5.224823 21.409229
5.073669 20.986782
5.073669 20.986782
4.964650 20.551553
4.964650 20.551553
4.898815 20.107734
4.898815 20.107734
4.876800 19.659600
4.876800 19.659600
4.898815 19.211466
4.898815 19.211466
4.964650 18.767647
4.964650 18.767647
5.073669 18.332418
5.073669 18.332418
5.224823 17.909971
5.224823 17.909971
5.416656 17.504374
5.416656 17.504374
5.647321 17.119533
5.647321 17.119533
5.914596 16.759154
5.914596 16.759154
6.215908 16.426708
6.215908 16.426708
6.548354 16.125396
6.548354 16.125396
6.908733 15.858121
6.908733 15.858121
7.293574 15.627456
7.293574 15.627456
7.699171 15.435623
7.699171 15.435623
8.121618 15.284469
8.121618 15.284469
8.556847 15.175450
8.556847 15.175450
9.000666 15.109615
9.000666 15.109615
9.448800 15.087600
9.448800 15.087600
9.896934 15.109615
9.896934 15.109615
10.340753 15.175450
10.340753 15.175450
10.775982 15.284469
10.775982 15.284469
11.198429 15.435623
11.198429 15.435623
11.604026 15.627456
11.604026 15.627456
11.988867 15.858121
11.988867 15.858121
12.349246 16.125396
12.349246 16.125396
12.681692 16.426708
12.681692 16.426708
12.983004 16.759154
12.983004 16.759154
13.250279 17.119533
13.250279 17.119533
13.480944 17.504374
13.480944 17.504374
13.672777 17.909971
13.672777 17.909971
13.823931 18.332418
13.823931 18.332418
13.932950 18.767647
13.932950 18.767647
13.998785 19.211466
13.998785 19.211466
14.020800 19.659600
14.020800 6.248400
13.998785 6.696534
13.998785 6.696534
13.932950 7.140353
13.932950 7.140353
13.823931 7.575582
13.823931 7.575582
13.672777 7.998029
13.672777 7.998029
13.480944 8.403626
13.480944 8.403626
13.250279 8.788467
13.250279 8.788467
12.983004 9.148846
12.983004 9.148846
12.681692 9.481292
12.681692 9.481292
12.349246 9.782604
12.349246 9.782604
11.988867 10.049879
11.988867 10.049879
11.604026 10.280544
11.604026 10.280544
11.198429 10.472377
11.198429 10.472377
10.775982 10.623531
10.775982 10.623531
10.340753 10.732550
10.340753 10.732550
9.896934 10.798385
9.896934 10.798385
9.448800 10.820400
9.448800 10.820400
9.000666 10.798385
9.000666 10.798385
8.556847 10.732550
8.556847 10.732550
8.121618 10.623531
8.121618 10.623531
7.699171 10.472377
7.699171 10.472377
7.293574 10.280544
7.293574 10.280544
6.908733 10.049879
6.908733 10.049879
6.548354 9.782604
6.548354 9.782604
6.215908 9.481292
6.215908 9.481292
5.914596 9.148846
5.914596 9.148846
5.647321 8.788467
5.647321 8.788467
5.416656 8.403626
5.416656 8.403626
5.224823 7.998029
5.224823 7.998029
5.073669 7.575582
5.073669 7.575582
4.964650 7.140353
4.964650 7.140353
4.898815 6.696534
4.898815 6.696534
4.876800 6.248400
4.876800 6.248400
4.898815 5.800266
4.898815 5.800266
4.964650 5.356447
4.964650 5.356447
5.073669 4.921218
5.073669 4.921218
5.224823 4.498771
5.224823 4.498771
5.416656 4.093174
5.416656 4.093174
5.647321 3.708333
5.647321 3.708333
5.914596 3.347954
5.914596 3.347954
6.215908 3.015508
6.215908 3.015508
6.548354 2.714196
6.548354 2.714196
6.908733 2.446921
6.908733 2.446921
7.293574 2.216256
7.293574 2.216256
7.699171 2.024423
7.699171 2.024423
8.121618 1.873269
8.121618 1.873269
8.556847 1.764250
8.556847 1.764250
9.000666 1.698415
9.000666 1.698415
9.448800 1.676400
9.448800 1.676400
9.896934 1.698415
9.896934 1.698415
10.340753 1.764250
10.340753 1.764250
10.775982 1.873269
10.775982 1.873269
11.198429 2.024423
11.198429 2.024423
11.604026 2.216256
11.604026 2.216256
11.988867 2.446921
11.988867 2.446921
12.349246 2.714196
12.349246 2.714196
12.681692 3.015508
12.681692 3.015508
12.983004 3.347954
12.983004 3.347954
13.250279 3.708333
13.250279 3.708333
13.480944 4.093174
13.480944 4.093174
13.672777 4.498771
13.672777 4.498771
13.823931 4.921218
13.823931 4.921218
13.932950 5.356447
13.932950 5.356447
13.998785 5.800266
13.998785 5.800266
14.020800 6.248400
56.083200 19.659600
56.061185 20.107734
56.061185 20.107734
55.995350 20.551553
55.995350 20.551553
55.886331 20.986782
55.886331 20.986782
55.735177 21.409229
55.735177 21.409229
55.543344 21.814826
55.543344 21.814826
55.312679 22.199667
55.312679 22.199667
55.045404 22.560046
55.045404 22.560046
54.744092 22.892492
54.744092 22.892492
54.411646 23.193804
54.411646 23.193804
54.051267 23.461079
54.051267 23.461079
53.666426 23.691744
53.666426 23.691744
53.260829 23.883577
53.260829 23.883577
52.838382 24.034731
52.838382 24.034731
52.403153 24.143750
52.403153 24.143750
51.959334 24.209585
51.959334 24.209585
51.511200 24.231600
51.511200 24.231600
51.063066 24.209585
51.063066 24.209585
50.619247 24.143750
50.619247 24.143750
50.184018 24.034731
50.184018 24.034731
49.761571 23.883577
49.761571 23.883577
49.355974 23.691744
49.355974 23.691744
48.971133 23.461079
48.971133 23.461079
48.610754 23.193804
48.610754 23.193804
48.278308 22.892492
48.278308 22.892492
47.976996 22.560046
47.976996 22.560046
47.709721 22.199667
47.709721 22.199667
47.479056 21.814826
47.479056 21.814826
47.287223 21.409229
47.287223 21.409229
47.136069 20.986782
47.136069 20.986782
47.027050 20.551553
47.027050 20.551553
46.961215 20.107734
46.961215 20.107734
46.939200 19.659600
46.939200 19.659600
46.961215 19.211466
46.961215 19.211466
47.027050 18.767647
47.027050 18.767647
47.136069 18.332418
47.136069 18.332418
47.287223 17.909971
47.287223 17.909971
47.479056 17.504374
47.479056 17.504374
47.709721 17.119533
47.709721 17.119533
47.976996 16.759154
47.976996 16.759154
48.278308 16.426708
48.278308 16.426708
48.610754 16.125396
48.610754 16.125396
48.971133 15.858121
48.971133 15.858121
49.355974 15.627456
49.355974 15.627456
49.761571 15.435623
49.761571 15.435623
50.184018 15.284469
50.184018 15.284469
50.619247 15.175450
50.619247 15.175450
51.063066 15.109615
51.063066 15.109615
51.511200 15.087600
51.511200 15.087600
51.959334 15.109615
51.959334 15.109615
52.403153 15.175450
52.403153 15.175450
52.838382 15.284469
52.838382 15.284469
53.260829 15.435623
53.260829 15.435623
53.666426 15.627456
53.666426 15.627456
54.051267 15.858121
54.051267 15.858121
54.411646 16.125396
54.411646 16.125396
54.744092 16.426708
54.744092 16.426708
55.045404 16.759154
55.045404 16.759154
55.312679 17.119533
55.312679 17.119533
55.543344 17.504374
55.543344 17.504374
55.735177 17.909971
55.735177 17.909971
55.886331 18.332418
55.886331 18.332418
55.995350 18.767647
55.995350 18.767647
56.061185 19.211466
56.061185 19.211466
56.083200 19.659600
56.083200 6.248400
56.061185 6.696534
56.061185 6.696534
55.995350 7.140353
55.995350 7.140353
55.886331 7.575582
55.886331 7.575582
55.735177 7.998029
55.735177 7.998029
55.543344 8.403626
55.543344 8.403626
55.312679 8.788467
55.312679 8.788467
55.045404 9.148846
55.045404 9.148846
54.744092 9.481292
54.744092 9.481292
54.411646 9.782604
54.411646 9.782604
54.051267 10.049879
54.051267 10.049879
53.666426 10.280544
53.666426 10.280544
53.260829 10.472377
53.260829 10.472377
52.838382 10.623531
52.838382 10.623531
52.403153 10.732550
52.403153 10.732550
51.959334 10.798385
51.959334 10.798385
51.511200 10.820400
51.511200 10.820400
51.063066 10.798385
51.063066 10.798385
50.619247 10.732550
50.619247 10.732550
50.184018 10.623531
50.184018 10.623531
49.761571 10.472377
49.761571 10.472377
49.355974 10.280544
49.355974 10.280544
48.971133 10.049879
48.971133 10.049879
48.610754 9.782604
48.610754 9.782604
48.278308 9.481292
48.278308 9.481292
47.976996 9.148846
47.976996 9.148846
47.709721 8.788467
47.709721 8.788467
47.479056 8.403626
47.479056 8.403626
47.287223 7.998029
47.287223 7.998029
47.136069 7.575582
47.136069 7.575582
47.027050 7.140353
47.027050 7.140353
46.961215 6.696534
46.961215 6.696534
46.939200 6.248400
46.939200 6.248400
46.961215 5.800266
46.961215 5.800266
47.027050 5.356447
47.027050 5.356447
47.136069 4.921218
47.136069 4.921218
47.287223 4.498771
47.287223 4.498771
47.479056 4.093174
47.479056 4.093174
47.709721 3.708333
47.709721 3.708333
47.976996 3.347954
47.976996 3.347954
48.278308 3.015508
48.278308 3.015508
48.610754 2.714196
48.610754 2.714196
48.971133 2.446921
48.971133 2.446921
49.355974 2.216256
49.355974 2.216256
49.761571 2.024423
49.761571 2.024423
50.184018 1.873269
50.184018 1.873269
50.619247 1.764250
50.619247 1.764250
51.063066 1.698415
51.063066 1.698415
51.511200 1.676400
51.511200 1.676400
51.959334 1.698415
51.959334 1.698415
52.403153 1.764250
52.403153 1.764250
52.838382 1.873269
52.838382 1.873269
53.260829 2.024423
53.260829 2.024423
53.666426 2.216256
53.666426 2.216256
54.051267 2.446921
54.051267 2.446921
54.411646 2.714196
54.411646 2.714196
54.744092 3.015508
54.744092 3.015508
55.045404 3.347954
55.045404 3.347954
55.312679 3.708333
55.312679 3.708333
55.543344 4.093174
55.543344 4.093174
55.735177 4.498771
55.735177 4.498771
55.886331 4.921218
55.886331 4.921218
55.995350 5.356447
55.995350 5.356447
56.061185 5.800266
56.061185 5.800266
56.083200 6.248400
0.000000 8.534400
0.041095 7.697883
0.041095 7.697883
0.163986 6.869421
0.163986 6.869421
0.367488 6.056994
0.367488 6.056994
0.649643 5.268427
0.649643 5.268427
1.007731 4.511312
1.007731 4.511312
1.438306 3.792941
1.438306 3.792941
1.937220 3.120234
1.937220 3.120234
2.499668 2.499668
2.499668 2.499668
3.120234 1.937220
3.120234 1.937220
3.792941 1.438306
3.792941 1.438306
4.511312 1.007731
4.511312 1.007731
5.268427 0.649643
5.268427 0.649643
6.056994 0.367488
6.056994 0.367488
6.869421 0.163986
6.869421 0.163986
7.697883 0.041095
7.697883 0.041095
8.534400 0.000000
8.534400 25.908000
7.697883 25.866905
7.697883 25.866905
6.869421 25.744014
6.869421 25.744014
6.056994 25.540512
6.056994 25.540512
5.268427 25.258357
5.268427 25.258357
4.511312 24.900269
4.511312 24.900269
3.792941 24.469694
3.792941 24.469694
3.120234 23.970780
3.120234 23.970780
2.499668 23.408332
2.499668 23.408332
1.937220 22.787766
1.937220 22.787766
1.438306 22.115059
1.438306 22.115059
1.007731 21.396688
1.007731 21.396688
0.649643 20.639573
0.649643 20.639573
0.367488 19.851006
0.367488 19.851006
0.163986 19.038579
0.163986 19.038579
0.041095 18.210117
0.041095 18.210117
0.000000 17.373600
52.425600 0.000000
53.262117 0.041095
53.262117 0.041095
54.090579 0.163986
54.090579 0.163986
54.903006 0.367488
54.903006 0.367488
55.691573 0.649643
55.691573 0.649643
56.448688 1.007731
56.448688 1.007731
57.167059 1.438306
57.167059 1.438306
57.839766 1.937220
57.839766 1.937220
58.460332 2.499668
58.460332 2.499668
59.022780 3.120234
59.022780 3.120234
59.521694 3.792941
59.521694 3.792941
59.952269 4.511312
59.952269 4.511312
60.310357 5.268427
60.310357 5.268427
60.592512 6.056994
60.592512 6.056994
60.796014 6.869421
60.796014 6.869421
60.918905 7.697883
60.918905 7.697883
60.960000 8.534400
60.960000 17.373600
60.918905 18.210117
60.918905 18.210117
60.796014 19.038579
60.796014 19.038579
60.592512 19.851006
60.592512 19.851006
60.310357 20.639573
60.310357 20.639573
59.952269 21.396688
59.952269 21.396688
59.521694 22.115059
59.521694 22.115059
59.022780 22.787766
59.022780 22.787766
58.460332 23.408332
58.460332 23.408332
57.839766 23.970780
57.839766 23.970780
57.167059 24.469694
57.167059 24.469694
56.448688 24.900269
56.448688 24.900269
55.691573 25.258357
55.691573 25.258357
54.903006 25.540512
54.903006 25.540512
54.090579 25.744014
54.090579 25.744014
53.262117 25.866905
53.262117 25.866905
52.425600 25.908000
10.058400 6.477000
11.277600 6.477000
10.058400 6.019800
11.277600 6.019800
8.839200 6.477000
7.620000 6.477000
8.839200 6.019800
7.620000 6.019800
10.058400 6.477000
10.058400 7.391400
8.839200 6.477000
8.839200 7.391400
10.058400 6.019800
10.058400 5.105400
8.839200 6.019800
8.839200 5.105400
10.058400 19.888200
11.277600 19.888200
10.058400 19.431000
11.277600 19.431000
8.839200 19.888200
7.620000 19.888200
8.839200 19.431000
7.620000 19.431000
10.058400 19.888200
10.058400 20.802600
8.839200 19.888200
8.839200 20.802600
10.058400 19.431000
10.058400 18.516600
8.839200 19.431000
8.839200 18.516600
52.120800 6.477000
53.340000 6.477000
52.120800 6.019800
53.340000 6.019800
50.901600 6.477000
49.682400 6.477000
50.901600 6.019800
49.682400 6.019800
52.120800 6.477000
52.120800 7.391400
50.901600 6.477000
50.901600 7.391400
52.120800 6.019800
52.120800 5.105400
50.901600 6.019800
50.901600 5.105400
52.120800 19.888200
53.340000 19.888200
52.120800 19.431000
53.340000 19.431000
50.901600 19.888200
49.682400 19.888200
50.901600 19.431000
49.682400 19.431000
52.120800 19.888200
52.120800 20.802600
50.901600 19.888200
50.901600 20.802600
52.120800 19.431000
52.120800 18.516600
50.901600 19.431000
50.901600 18.516600
0.000000 8.686800
3.352800 9.601200
0.000000 17.221200
3.352800 16.306800
60.960000 8.686800
57.607200 9.601200
60.960000 17.221200
57.607200 16.306800
3.352800 11.734800
3.962400 11.734800
3.352800 14.173200
3.962400 14.173200
57.607200 11.734800
56.997600 11.734800
57.607200 14.173200
56.997600 14.173200
24.993600 19.659600
24.990665 19.719351
24.990665 19.719351
24.981887 19.778527
24.981887 19.778527
24.967351 19.836558
24.967351 19.836558
24.947197 19.892884
24.947197 19.892884
24.921619 19.946963
24.921619 19.946963
24.890864 19.998276
24.890864 19.998276
24.855227 20.046326
24.855227 20.046326
24.815052 20.090652
24.815052 20.090652
24.770726 20.130827
24.770726 20.130827
24.722676 20.166464
24.722676 20.166464
24.671363 20.197219
24.671363 20.197219
24.617284 20.222797
24.617284 20.222797
24.560958 20.242951
24.560958 20.242951
24.502927 20.257487
24.502927 20.257487
24.443751 20.266265
24.443751 20.266265
24.384000 20.269200
24.384000 20.269200
24.324249 20.266265
24.324249 20.266265
24.265073 20.257487
24.265073 20.257487
24.207042 20.242951
24.207042 20.242951
24.150716 20.222797
24.150716 20.222797
24.096637 20.197219
24.096637 20.197219
24.045324 20.166464
24.045324 20.166464
23.997274 20.130827
23.997274 20.130827
23.952948 20.090652
23.952948 20.090652
23.912773 20.046326
23.912773 20.046326
23.877136 19.998276
23.877136 19.998276
23.846381 19.946963
23.846381 19.946963
23.820803 19.892884
23.820803 19.892884
23.800649 19.836558
23.800649 19.836558
23.786113 19.778527
23.786113 19.778527
23.777335 19.719351
23.777335 19.719351
23.774400 19.659600
23.774400 19.659600
23.777335 19.599849
23.777335 19.599849
23.786113 19.540673
23.786113 19.540673
23.800649 19.482642
23.800649 19.482642
23.820803 19.426316
23.820803 19.426316
23.846381 19.372237
23.846381 19.372237
23.877136 19.320924
23.877136 19.320924
23.912773 19.272874
23.912773 19.272874
23.952948 19.228548
23.952948 19.228548
23.997274 19.188373
23.997274 19.188373
24.045324 19.152736
24.045324 19.152736
24.096637 19.121981
24.096637 19.121981
24.150716 19.096403
24.150716 19.096403
24.207042 19.076249
24.207042 19.076249
24.265073 19.061713
24.265073 19.061713
24.324249 19.052935
24.324249 19.052935
24.384000 19.050000
24.384000 19.050000
24.443751 19.052935
24.443751 19.052935
24.502927 19.061713
24.502927 19.061713
24.560958 19.076249
24.560958 19.076249
24.617284 19.096403
24.617284 19.096403
24.671363 19.121981
24.671363 19.121981
24.722676 19.152736
24.722676 19.152736
24.770726 19.188373
24.770726 19.188373
24.815052 19.228548
24.815052 19.228548
24.855227 19.272874
24.855227 19.272874
24.890864 19.320924
24.890864 19.320924
24.921619 19.372237
24.921619 19.372237
24.947197 19.426316
24.947197 19.426316
24.967351 19.482642
24.967351 19.482642
24.981887 19.540673
24.981887 19.540673
24.990665 19.599849
24.990665 19.599849
24.993600 19.659600
24.993600 6.248400
24.990665 6.308151
24.990665 6.308151
24.981887 6.367327
24.981887 6.367327
24.967351 6.425358
24.967351 6.425358
24.947197 6.481684
24.947197 6.481684
24.921619 6.535763
24.921619 6.535763
24.890864 6.587076
24.890864 6.587076
24.855227 6.635126
24.855227 6.635126
24.815052 6.679452
24.815052 6.679452
24.770726 6.719627
24.770726 6.719627
24.722676 6.755264
24.722676 6.755264
24.671363 6.786019
24.671363 6.786019
24.617284 6.811597
24.617284 6.811597
24.560958 6.831751
24.560958 6.831751
24.502927 6.846287
24.502927 6.846287
24.443751 6.855065
24.443751 6.855065
24.384000 6.858000
24.384000 6.858000
24.324249 6.855065
24.324249 6.855065
24.265073 6.846287
24.265073 6.846287
24.207042 6.831751
24.207042 6.831751
24.150716 6.811597
24.150716 6.811597
24.096637 6.786019
24.096637 6.786019
24.045324 6.755264
24.045324 6.755264
23.997274 6.719627
23.997274 6.719627
23.952948 6.679452
23.952948 6.679452
23.912773 6.635126
23.912773 6.635126
23.877136 6.587076
23.877136 6.587076
23.846381 6.535763
23.846381 6.535763
23.820803 6.481684
23.820803 6.481684
23.800649 6.425358
23.800649 6.425358
23.786113 6.367327
23.786113 6.367327
23.777335 6.308151
23.777335 6.308151
23.774400 6.248400
23.774400 6.248400
23.777335 6.188649
23.777335 6.188649
23.786113 6.129473
23.786113 6.129473
23.800649 6.071442
23.800649 6.071442
23.820803 6.015116
23.820803 6.015116
23.846381 5.961037
23.846381 5.961037
23.877136 5.909724
23.877136 5.909724
23.912773 5.861674
23.912773 5.861674
23.952948 5.817348
23.952948 5.817348
23.997274 5.777173
23.997274 5.777173
24.045324 5.741536
24.045324 5.741536
24.096637 5.710781
24.096637 5.710781
24.150716 5.685203
24.150716 5.685203
24.207042 5.665049
24.207042 5.665049
24.265073 5.650513
24.265073 5.650513
24.324249 5.641735
24.324249 5.641735
24.384000 5.638800
24.384000 5.638800
24.443751 5.641735
24.443751 5.641735
24.502927 5.650513
24.502927 5.650513
24.560958 5.665049
24.560958 5.665049
24.617284 5.685203
24.617284 5.685203
24.671363 5.710781
24.671363 5.710781
24.722676 5.741536
24.722676 5.741536
24.770726 5.777173
24.770726 5.777173
24.815052 5.817348
24.815052 5.817348
24.855227 5.861674
24.855227 5.861674
24.890864 5.909724
24.890864 5.909724
24.921619 5.961037
24.921619 5.961037
24.947197 6.015116
24.947197 6.015116
24.967351 6.071442
24.967351 6.071442
24.981887 6.129473
24.981887 6.129473
24.990665 6.188649
24.990665 6.188649
24.993600 6.248400
37.185600 19.659600
37.182665 19.719351
37.182665 19.719351
37.173887 19.778527
37.173887 19.778527
37.159351 19.836558
37.159351 19.836558
37.139197 19.892884
37.139197 19.892884
37.113619 19.946963
37.113619 19.946963
37.082864 19.998276
37.082864 19.998276
37.047227 20.046326
37.047227 20.046326
37.007052 20.090652
37.007052 20.090652
36.962726 20.130827
36.962726 20.130827
36.914676 20.166464
36.914676 20.166464
36.863363 20.197219
36.863363 20.197219
36.809284 20.222797
36.809284 20.222797
36.752958 20.242951
36.752958 20.242951
36.694927 20.257487
36.694927 20.257487
36.635751 20.266265
36.635751 20.266265
36.576000 20.269200
36.576000 20.269200
36.516249 20.266265
36.516249 20.266265
36.457073 20.257487
36.457073 20.257487
36.399042 20.242951
36.399042 20.242951
36.342716 20.222797
36.342716 20.222797
36.288637 20.197219
36.288637 20.197219
36.237324 20.166464
36.237324 20.166464
36.189274 20.130827
36.189274 20.130827
36.144948 20.090652
36.144948 20.090652
36.104773 20.046326
36.104773 20.046326
36.069136 19.998276
36.069136 19.998276
36.038381 19.946963
36.038381 19.946963
36.012803 19.892884
36.012803 19.892884
35.992649 19.836558
35.992649 19.836558
35.978113 19.778527
35.978113 19.778527
35.969335 19.719351
35.969335 19.719351
35.966400 19.659600
35.966400 19.659600
35.969335 19.599849
35.969335 19.599849
35.978113 19.540673
35.978113 19.540673
35.992649 19.482642
35.992649 19.482642
36.012803 19.426316
36.012803 19.426316
36.038381 19.372237
36.038381 19.372237
36.069136 19.320924
36.069136 19.320924
36.104773 19.272874
36.104773 19.272874
36.144948 19.228548
36.144948 19.228548
36.189274 19.188373
36.189274 19.188373
36.237324 19.152736
36.237324 19.152736
36.288637 19.121981
36.288637 19.121981
36.342716 19.096403
36.342716 19.096403
36.399042 19.076249
36.399042 19.076249
36.457073 19.061713
36.457073 19.061713
36.516249 19.052935
36.516249 19.052935
36.576000 19.050000
36.576000 19.050000
36.635751 19.052935
36.635751 19.052935
36.694927 19.061713
36.694927 19.061713
36.752958 19.076249
36.752958 19.076249
36.809284 19.096403
36.809284 19.096403
36.863363 19.121981
36.863363 19.121981
36.914676 19.152736
36.914676 19.152736
36.962726 19.188373
36.962726 19.188373
37.007052 19.228548
37.007052 19.228548
37.047227 19.272874
37.047227 19.272874
37.082864 19.320924
37.082864 19.320924
37.113619 19.372237
37.113619 19.372237
37.139197 19.426316
37.139197 19.426316
37.159351 19.482642
37.159351 19.482642
37.173887 19.540673
37.173887 19.540673
37.182665 19.599849
37.182665 19.599849
37.185600 19.659600
37.185600 6.248400
37.182665 6.308151
37.182665 6.308151
37.173887 6.367327
37.173887 6.367327
37.159351 6.425358
37.159351 6.425358
37.139197 6.481684
37.139197 6.481684
37.113619 6.535763
37.113619 6.535763
37.082864 6.587076
37.082864 6.587076
37.047227 6.635126
37.047227 6.635126
37.007052 6.679452
37.007052 6.679452
36.962726 6.719627
36.962726 6.719627
36.914676 6.755264
36.914676 6.755264
36.863363 6.786019
36.863363 6.786019
36.809284 6.811597
36.809284 6.811597
36.752958 6.831751
36.752958 6.831751
36.694927 6.846287
36.694927 6.846287
36.635751 6.855065
36.635751 6.855065
36.576000 6.858000
36.576000 6.858000
36.516249 6.855065
36.516249 6.855065
36.457073 6.846287
36.457073 6.846287
36.399042 6.831751
36.399042 6.831751
36.342716 6.811597
36.342716 6.811597
36.288637 6.786019
36.288637 6.786019
36.237324 6.755264
36.237324 6.755264
36.189274 6.719627
36.189274 6.719627
36.144948 6.679452
36.144948 6.679452
36.104773 6.635126
36.104773 6.635126
36.069136 6.587076
36.069136 6.587076
36.038381 6.535763
36.038381 6.535763
36.012803 6.481684
36.012803 6.481684
35.992649 6.425358
35.992649 6.425358
35.978113 6.367327
35.978113 6.367327
35.969335 6.308151
35.969335 6.308151
35.966400 6.248400
35.966400 6.248400
35.969335 6.188649
35.969335 6.188649
35.978113 6.129473
35.978113 6.129473
35.992649 6.071442
35.992649 6.071442
36.012803 6.015116
36.012803 6.015116
36.038381 5.961037
36.038381 5.961037
36.069136 5.909724
36.069136 5.909724
36.104773 5.861674
36.104773 5.861674
36.144948 5.817348
36.144948 5.817348
36.189274 5.777173
36.189274 5.777173
36.237324 5.741536
36.237324 5.741536
36.288637 5.710781
36.288637 5.710781
36.342716 5.685203
36.342716 5.685203
36.399042 5.665049
36.399042 5.665049
36.457073 5.650513
36.457073 5.650513
36.516249 5.641735
36.516249 5.641735
36.576000 5.638800
36.576000 5.638800
36.635751 5.641735
36.635751 5.641735
36.694927 5.650513
36.694927 5.650513
36.752958 5.665049
36.752958 5.665049
36.809284 5.685203
36.809284 5.685203
36.863363 5.710781
36.863363 5.710781
36.914676 5.741536
36.914676 5.741536
36.962726 5.777173
36.962726 5.777173
37.007052 5.817348
37.007052 5.817348
37.047227 5.861674
37.047227 5.861674
37.082864 5.909724
37.082864 5.909724
37.113619 5.961037
37.113619 5.961037
37.139197 6.015116
37.139197 6.015116
37.159351 6.071442
37.159351 6.071442
37.173887 6.129473
37.173887 6.129473
37.182665 6.188649
37.182665 6.188649
37.185600 6.248400
0 1
2 3
4 5
6 7
8 9
10 11
12 13
14 15
16 17
18 19
20 21
22 23
24 25
26 27
28 29
30 31
32 33
34 35
36 37
38 39
40 41
42 43
44 45
46 47
48 49
50 51
52 53
54 55
56 57
58 59
60 61
62 63
64 65
66 67
68 69
70 71
72 73
74 75
76 77
78 79
80 81
82 83
84 85
86 87
88 89
90 91
92 93
94 95
96 97
98 99
100 101
102 103
104 105
106 107
108 109
110 111
112 113
114 115
116 117
118 119
120 121
122 123
124 125
126 127
128 129
130 131
132 133
134 135
136 137
138 139
140 141
142 143
144 145
146 147
148 149
150 151
152 153
154 155
156 157
158 159
160 161
162 163
164 165
166 167
168 169
170 171
172 173
174 175
176 177
178 179
180 181
182 183
184 185
186 187
188 189
190 191
192 193
194 195
196 197
198 199
200 201
202 203
204 205
206 207
208 209
210 211
212 213
214 215
216 217
218 219
220 221
222 223
224 225
226 227
228 229
230 231
232 233
234 235
236 237
238 239
240 241
242 243
244 245
246 247
248 249
250 251
252 253
254 255
256 257
258 259
260 261
262 263
264 265
266 267
268 269
270 271
272 273
274 275
276 277
278 279
280 281
282 283
284 285
286 287
288 289
290 291
292 293
294 295
296 297
298 299
300 301
302 303
304 305
306 307
308 309
310 311
312 313
314 315
316 317
318 319
320 321
322 323
324 325
326 327
328 329
330 331
332 333
334 335
336 337
338 339
340 341
342 343
344 345
346 347
348 349
350 351
352 353
354 355
356 357
358 359
360 361
362 363
364 365
366 367
368 369
370 371
372 373
374 375
376 377
378 379
380 381
382 383
384 385
386 387
388 389
390 391
392 393
394 395
396 397
398 399
400 401
402 403
404 405
406 407
408 409
410 411
412 413
414 415
416 417
418 419
420 421
422 423
424 425
426 427
428 429
430 431
432 433
434 435
436 437
438 439
440 441
442 443
444 445
446 447
448 449
450 451
452 453
454 455
456 457
458 459
460 461
462 463
464 465
466 467
468 469
470 471
472 473
474 475
476 477
478 479
480 481
482 483
484 485
486 487
488 489
490 491
492 493
494 495
496 497
498 499
500 501
502 503
504 505
506 507
508 509
510 511
512 513
514 515
516 517
518 519
520 521
522 523
524 525
526 527
528 529
530 531
532 533
534 535
536 537
538 539
540 541
542 543
544 545
546 547
548 549
550 551
552 553
554 555
556 557
558 559
560 561
562 563
564 565
566 567
568 569
570 571
572 573
574 575
576 577
578 579
580 581
582 583
584 585
586 587
588 589
590 591
592 593
594 595
596 597
598 599
600 601
602 603
604 605
606 607
608 609
610 611
612 613
614 615
616 617
618 619
620 621
622 623
624 625
626 627
628 629
630 631
632 633
634 635
636 637
638 639
640 641
642 643
644 645
646 647
648 649
650 651
652 653
654 655
656 657
658 659
660 661
662 663
664 665
666 667
668 669
670 671
672 673
674 675
676 677
678 679
680 681
682 683
684 685
686 687
688 689
690 691
692 693
694 695
696 697
698 699
700 701
702 703
704 705
706 707
708 709
710 711
712 713
714 715
716 717
718 719
720 721
722 723
724 725
726 727
728 729
730 731
732 733
734 735
736 737
738 739
740 741
742 743
744 745
746 747
748 749
750 751
752 753
754 755
756 757
758 759
760 761
762 763
764 765
766 767
768 769
770 771
772 773
774 775
776 777
778 779
780 781
782 783
784 785
786 787
788 789
790 791
792 793
794 795
796 797
798 799
800 801
802 803
804 805
806 807
808 809
810 811
812 813
814 815
816 817
818 819
820 821
822 823
824 825
826 827
828 829
830 831
832 833
834 835
836 837
838 839
840 841
842 843
844 845
846 847
848 849
850 851
852 853
854 855
856 857
858 859
860 861
862 863
864 865
866 867
868 869
870 871
872 873
874 875
876 877
878 879
880 881
882 883
884 885
886 887
888 889
890 891
892 893
894 895
896 897
898 899
900 901
902 903
904 905
906 907
908 909
910 911
912 913
914 915
916 917
918 919
920 921
922 923
924 925
926 927
928 929
930 931
932 933
934 935
936 937
938 939
940 941
942 943
944 945
946 947
948 949
950 951
952 953
954 955
956 957
958 959
960 961
962 963
964 965
966 967
968 969
970 971
972 973
974 975
976 977
978 979
980 981
982 983
984 985
986 987
988 989
990 991
992 993
994 995
996 997
998 999
1000 1001
1002 1003
1004 1005
1006 1007
1008 1009
1010 1011
1012 1013
1014 1015
1016 1017
1018 1019
1020 1021
1022 1023
1024 1025
1026 1027
1028 1029
1030 1031
1032 1033
1034 1035
1036 1037
1038 1039
1040 1041
1042 1043
1044 1045
1046 1047
1048 1049
1050 1051
1052 1053
1054 1055
1056 1057
1058 1059
1060 1061
1062 1063
1064 1065
1066 1067
1068 1069
1070 1071
1072 1073
1074 1075
1076 1077
1078 1079
1080 1081
1082 1083
1084 1085
1086 1087
1088 1089
1090 1091
1092 1093
1094 1095
1096 1097
1098 1099
1100 1101
1102 1103
1104 1105
1106 1107
1108 1109
1110 1111
1112 1113
1114 1115
1116 1117
1118 1119
1120 1121
1122 1123
1124 1125
1126 1127
1128 1129
1130 1131
1132 1133
1134 1135
1136 1137
1138 1139
1140 1141
1142 1143
1144 1145
1146 1147
1148 1149
1150 1151
1152 1153
1154 1155
1156 1157
1158 1159
1160 1161
1162 1163
1164 1165
1166 1167
1168 1169
1170 1171
1172 1173
1174 1175
1176 1177
1178 1179
1180 1181
1182 1183
1184 1185
1186 1187
1188 1189
1190 1191
1192 1193
1194 1195
1196 1197
1198 1199
1200 1201
1202 1203
1204 1205
1206 1207
1208 1209
1210 1211
1212 1213
1214 1215
1216 1217
1218 1219
1220 1221
1222 1223
1224 1225
1226 1227
1228 1229
1230 1231
1232 1233
1234 1235
1236 1237
1238 1239
1240 1241
1242 1243
1244 1245
1246 1247
1248 1249
1250 1251
1252 1253
1254 1255
1256 1257
1258 1259
1260 1261
1262 1263
1264 1265
1266 1267
1268 1269
1270 1271
1272 1273
1274 1275
1276 1277
1278 1279
1280 1281
1282 1283
1284 1285
1286 1287
1288 1289
1290 1291
1292 1293
1294 1295
1296 1297
1298 1299
1300 1301
1302 1303
1304 1305
1306 1307
1308 1309
1310 1311
1312 1313
1314 1315
1316 1317
1318 1319
1320 1321
1322 1323
1324 1325
1326 1327
1328 1329
1330 1331
1332 1333
1334 1335
1336 1337
1338 1339
1340 1341
1342 1343
1344 1345
1346 1347
1348 1349
1350 1351
1352 1353
1354 1355
1356 1357
1358 1359
1360 1361
1362 1363
1364 1365
1366 1367
1368 1369
1370 1371
1372 1373
1374 1375
1376 1377
1378 1379
1380 1381
1382 1383
1384 1385
1386 1387
1388 1389
1390 1391
1392 1393
1394 1395
